((("index" .
   [1 0 0 0 0])
  ("posts" .
   [1 0 0 0 0])
  ("PostsController" .
   [0 0 0 0 0 1 0 0 0 0 0 0 0 0 0])
  (":id" .
   [1 0 0])
  ("Post" .
   [2 0 0 0])
  ("post_params" .
   [0 0 0 0 0 0 0 0 0 0 1])
  (":post" .
   [2 0 0 0 0])
  ("params" .
   [2 0 1 0 0 0])
  ("new" .
   [1 0 0])
  ("post" .
   [4 0 0 0])
  ("aaa" .
   [1 0 0])
  ("map" .
   [1 0 0])
  ("UserWarning" .
   [0 0 1 0 0 0 0 0 0 0 0])
  ("pg_driver" .
   [0 0 1 0 0 0 0 0 0])
  ("i" .
   [1])
  ("fizzbuzz3" .
   [1 0 0 0 0 0 0 0 0])
  ("num" .
   [4 0 0])
  ("port" .
   [2 0 0 0])
  ("host" .
   [2 0 0 0])
  ("name" .
   [4 0 0 0])
  ("template" .
   [1 0 1 0 0 0 0 0])
  ("run" .
   [2 0 0])
  ("route" .
   [2 0 0 0 0])
  ("bottle" .
   [1 0 0 0 0 0])
  ("utf" .
   [1 0 0])
  ("coding" .
   [1 0 0 0 0 0])
  ("require" .
   [0 0 0 1 0 0 0])
  ("add-to-list" .
   [0 0 0 0 1 0 0 0 0 0 0])
  ("load-path" .
   [0 0 0 0 1 0 0 0 0])
  ("dict_1" .
   [0 0 0 1 0 0])
  ("db" .
   [2 0])
  ("cur" .
   [1 0 0])
  ("row" .
   [7 0 0])
  ("rows" .
   [1 0 0 0])
  ("create" .
   [2 0 0 0 0 0])
  ("all" .
   [2 0 0])
  ("items" .
   [1 0 0 0 0])
  ("Item" .
   [1 0 0 0])
  ("magit-diff" .
   [1 0 0 0 0 0 0 0 0 0])))
